f 1 660 2987
f 1 5989 660
f 129 2987 660
f 1 2987 76
f 1 4 5989
f 659 660 5989
f 129 132 2987
f 129 660 528
f 76 2987 3197
f 1 76 171
f 1 171 4
f 4 244 5989
f 528 660 659
f 659 5989 3865
f 129 477 132
f 132 3197 2987
f 129 528 7877
f 76 3197 387
f 73 171 76
f 4 171 7732
f 4 243 244
f 244 6536 5989
f 528 659 3489
f 3865 5989 6536
f 659 3865 8595
f 129 7877 477
f 132 477 836
f 132 833 3197
f 317 7877 528
f 385 387 3197
f 73 76 387
f 73 172 171
f 171 3053 7732
f 4 7732 243
f 241 244 243
f 244 7676 6536
f 659 8595 3489
f 317 528 3489
f 3865 6536 6825
f 3865 6825 8595
f 477 7877 4464
f 323 836 477
f 132 836 833
f 385 3197 833
f 317 2420 7877
f 385 388 387
f 73 387 388
f 73 3076 172
f 171 172 3053
f 625 7732 3053
f 243 7732 4547
f 241 7676 244
f 241 243 1347
f 1909 6536 7676
f 1499 3489 8595
f 317 3489 320
f 1909 6825 6536
f 6825 8009 8595
f 2420 4464 7877
f 323 477 4464
f 323 324 836
f 324 833 836
f 385 833 5015
f 317 2036 2420
f 385 452 388
f 73 388 2943
f 73 2943 3076
f 172 3076 197
f 172 198 3053
f 625 4547 7732
f 625 3053 9193
f 243 4547 1347
f 241 5893 7676
f 241 1347 1345
f 1109 1909 7676
f 320 3489 1499
f 1499 8595 8009
f 317 320 2036
f 1909 1911 6825
f 3661 8009 6825
f 2420 13052 4464
f 323 4464 13049
f 321 324 323
f 324 1088 833
f 833 1088 5015
f 385 5015 452
f 2036 2623 2420
f 388 452 2240
f 388 1252 2943
f 2943 3740 3076
f 197 3076 3740
f 172 197 198
f 198 9193 3053
f 625 627 4547
f 625 9193 628
f 627 1347 4547
f 241 1345 5893
f 1109 7676 5893
f 1345 1347 2101
f 1109 1112 1909
f 320 1499 492
f 1499 8009 2279
f 320 3157 2036
f 1112 1911 1909
f 1911 3661 6825
f 1721 8009 3661
f 2417 13052 2420
f 4464 13052 13049
f 321 323 13049
f 321 1087 324
f 324 1087 1088
f 452 5015 1088
f 2036 3157 2623
f 2417 2420 2623
f 452 940 2240
f 388 2240 1252
f 1252 3563 2943
f 2943 3563 3740
f 197 3740 10551
f 197 5600 198
f 198 8153 9193
f 625 628 627
f 628 9193 8153
f 627 2101 1347
f 220 5893 1345
f 220 1109 5893
f 217 1345 2101
f 1109 2259 1112
f 492 1499 2279
f 320 492 3157
f 1721 2279 8009
f 1112 4105 1911
f 1911 4105 3661
f 1721 3661 12604
f 512 13052 2417
f 13049 13052 13051
f 321 13049 13051
f 321 13051 1087
f 157 1088 1087
f 452 1088 940
f 2623 3157 3419
f 2417 2623 4217
f 940 6380 2240
f 1249 1252 2240
f 1252 3564 3563
f 1453 3740 3563
f 3740 8757 10551
f 197 10551 7875
f 197 7875 5600
f 198 5600 5597
f 198 5597 8153
f 627 628 2773
f 628 8153 8155
f 627 2773 2101
f 217 220 1345
f 220 2981 1109
f 217 2101 229
f 1109 2981 2259
f 1112 2259 9682
f 492 2279 884
f 492 2975 3157
f 897 2279 1721
f 1112 9682 4105
f 3661 4105 12604
f 1513 1721 12604
f 512 13051 13052
f 512 2417 3505
f 512 1087 13051
f 157 940 1088
f 157 1087 509
f 2975 3419 3157
f 2623 3419 4217
f 2417 4217 3508
f 940 5772 6380
f 1249 2240 6380
f 1249 3564 1252
f 3392 3563 3564
f 1453 8757 3740
f 1453 3563 24851
f 2729 10551 8757
f 7875 10551 26533
f 5600 7875 11345
f 637 5597 5600
f 1761 8153 5597
f 628 8155 2773
f 1761 8155 8153
f 232 2101 2773
f 217 24697 220
f 220 24697 2981
f 229 2101 232
f 217 229 7224
f 2259 2981 13261
f 271 9682 2259
f 884 2279 897
f 492 884 2975
f 655 897 1721
f 4023 4105 9682
f 4023 12604 4105
f 655 1721 1513
f 1041 1513 12604
f 2417 3508 3505
f 509 512 3505
f 509 1087 512
f 157 5772 940
f 157 509 160
f 2975 2976 3419
f 3419 24815 4217
f 3508 4217 24815
f 2705 6380 5772
f 1249 6380 2705
f 1249 2705 3564
f 3392 24851 3563
f 3392 3564 15083
f 1453 5032 8757
f 1453 24851 1456
f 2729 26533 10551
f 2729 8757 2732
f 7875 26533 12276
f 7875 12276 11345
f 637 5600 11345
f 637 1761 5597
f 2773 8155 6849
f 145 8155 1761
f 232 2773 6849
f 217 7224 24697
f 2981 24697 3529
f 229 232 3608
f 229 4471 7224
f 2981 3529 13261
f 269 2259 13261
f 271 3397 9682
f 269 271 2259
f 884 897 900
f 884 3452 2975
f 655 656 897
f 3397 4023 9682
f 1041 12604 4023
f 655 1513 1516
f 955 1513 1041
f 3505 3508 6499
f 509 3505 3044
f 157 160 5772
f 160 509 5468
f 2973 2976 2975
f 2976 24815 3419
f 3508 24815 7541
f 2705 5772 5003
f 2705 15083 3564
f 3392 8325 24851
f 3392 15083 3517
f 1453 1456 5032
f 2732 8757 5032
f 1456 24851 8325
f 2729 2731 26533
f 2729 2732 2731
f 2539 12276 26533
f 9476 11345 12276
f 637 11345 7065
f 637 640 1761
f 147 6849 8155
f 145 147 8155
f 145 1761 640
f 232 6849 1667
f 3532 24697 7224
f 3529 24697 3532
f 232 1667 3608
f 229 3608 4471
f 3532 7224 4471
f 3529 6313 13261
f 269 13261 1385
f 271 3495 3397
f 269 272 271
f 656 900 897
f 884 900 1824
f 884 1824 3452
f 2973 2975 3452
f 653 656 655
f 1041 4023 3397
f 955 1516 1513
f 653 655 1516
f 953 955 1041
f 3508 7541 6499
f 3043 3505 6499
f 3043 3044 3505
f 509 3044 5468
f 160 3360 5772
f 160 5468 3359
f 1741 2976 2973
f 2976 7541 24815
f 3360 5003 5772
f 2705 5003 15083
f 3389 8325 3392
f 1879 3517 15083
f 3389 3392 3517
f 1456 1509 5032
f 249 2732 5032
f 1456 8325 1509
f 2539 26533 2731
f 251 2731 2732
f 2539 2540 12276
f 7065 11345 9476
f 2540 9476 12276
f 637 7065 640
f 147 1665 6849
f 145 148 147
f 145 640 2612
f 1665 1667 6849
f 3529 3532 7384
f 1667 1668 3608
f 3608 4469 4471
f 3532 4471 4469
f 3529 7384 6313
f 1385 13261 6313
f 269 1385 272
f 271 272 3495
f 3397 3495 6605
f 656 891 900
f 891 1824 900
f 1824 7525 3452
f 2973 3452 24748
f 653 892 656
f 953 1041 3397
f 955 1117 1516
f 653 1516 1117
f 953 956 955
f 6499 7541 7544
f 3043 6499 5677
f 3041 3044 3043
f 3041 5468 3044
f 160 3359 3360
f 3359 5468 13823
f 1741 7541 2976
f 1741 2973 15948
f 2388 5003 3360
f 1879 15083 5003
f 1512 8325 3389
f 563 3517 1879
f 3389 3517 3520
f 249 5032 1509
f 249 251 2732
f 1509 8325 1512
f 2232 2539 2731
f 251 2232 2731
f 2295 2540 2539
f 5663 7065 9476
f 2540 5663 9476
f 640 7065 5816
f 147 3869 1665
f 145 2612 148
f 147 148 3869
f 640 5816 2612
f 1665 1668 1667
f 3532 4808 7384
f 1668 4432 3608
f 3608 4432 4469
f 3532 4469 4808
f 6313 7384 8599
f 1385 6313 2352
f 272 1385 1188
f 272 1187 3495
f 3495 5191 6605
f 953 3397 6605
f 656 892 891
f 891 7525 1824
f 3452 7525 24748
f 2973 24748 15948
f 653 2309 892
f 955 1648 1117
f 653 1117 2309
f 953 1369 956
f 955 956 1648
f 713 7544 7541
f 5677 6499 7544
f 2860 3043 5677
f 2860 3041 3043
f 409 5468 3041
f 2388 3360 3359
f 409 13823 5468
f 2643 3359 13823
f 713 7541 1741
f 1741 15948 10776
f 1877 5003 2388
f 1877 1879 5003
f 1512 3389 3520
f 563 3520 3517
f 563 1879 6549
f 249 1509 10029
f 249 252 251
f 1307 1509 1512
f 2232 2295 2539
f 251 368 2232
f 2295 5480 2540
f 5663 5816 7065
f 2540 5480 5663
f 1665 3869 3872
f 148 2612 2609
f 148 2609 3869
f 2611 2612 5816
f 1665 3872 1668
f 4808 8597 7384
f 1668 3745 4432
f 2425 4469 4432
f 2425 4808 4469
f 7384 8597 8599
f 2349 6313 8599
f 2349 2352 6313
f 1188 1385 2352
f 272 1188 1187
f 1187 5191 3495
f 4091 6605 5191
f 953 6605 1372
f 891 892 1279
f 891 1277 7525
f 5796 24748 7525
f 5796 15948 24748
f 892 2309 27248
f 1117 1648 2525
f 1117 2525 2309
f 953 1372 1369
f 956 1369 1480
f 956 1480 1648
f 713 8945 7544
f 4769 5677 7544
f 2860 5677 4769
f 540 3041 2860
f 409 3041 540
f 2388 3359 2643
f 409 2641 13823
f 2641 2643 13823
f 713 1741 25512
f 10773 10776 15948
f 1741 10776 25512
f 1877 2388 2387
f 1757 1879 1877
f 564 1512 3520
f 563 564 3520
f 1757 6549 1879
f 561 563 6549
f 1307 10029 1509
f 249 10029 252
f 251 252 368
f 1307 1512 5043
f 2232 2296 2295
f 368 2229 2232
f 2295 11629 5480
f 5077 5816 5663
f 5077 5663 5480
f 3869 3943 3872
f 2609 2612 2611
f 893 3869 2609
f 2611 5816 5077
f 1668 3872 3941
f 2428 8597 4808
f 1668 3941 3745
f 3745 26455 4432
f 2425 4432 26455
f 2425 2428 4808
f 6311 8599 8597
f 2349 8599 4605
f 2349 4608 2352
f 1188 2352 4608
f 1187 1188 6073
f 1187 6073 5191
f 1372 6605 4091
f 2365 4091 5191
f 892 27248 1279
f 891 1279 1277
f 1277 5796 7525
f 5796 10773 15948
f 2309 27247 27248
f 1648 2527 2525
f 2309 2525 27247
f 1369 1372 1371
f 1369 1477 1480
f 856 1648 1480
f 713 4916 8945
f 4769 7544 8945
f 2859 2860 4769
f 540 2860 2859
f 409 540 537
f 2388 2643 5673
f 409 537 2641
f 2641 2644 2643
f 713 25512 4916
f 1677 10776 10773
f 2281 25512 10776
f 2387 2388 5673
f 1757 1877 2387
f 564 5043 1512
f 561 564 563
f 80 6549 1757
f 561 6549 3376
f 1307 1308 10029
f 252 10029 3884
f 252 3884 368
f 1305 1307 5043
f 2229 2296 2232
f 2295 2296 11629
f 365 2229 368
f 3809 5480 11629
f 3809 5077 5480
f 893 3943 3869
f 3872 3943 3941
f 972 2609 2611
f 893 2609 2432
f 969 2611 5077
f 1320 8597 2428
f 2720 3745 3941
f 3260 26455 3745
f 2425 26455 15480
f 2425 15480 2428
f 4605 8599 6311
f 1664 6311 8597
f 2349 4605 4608
f 1188 4608 6073
f 2365 5191 6073
f 1371 1372 4091
f 1040 4091 2365
f 24 1279 27248
f 1277 1279 1435
f 1277 1433 5796
f 1433 10773 5796
f 8885 27248 27247
f 856 2527 1648
f 2525 2527 8888
f 2525 8888 27247
f 1369 1371 1477
f 856 1480 1477
f 3300 8945 4916
f 4769 8945 8941
f 2859 4769 4770
f 539 540 2859
f 537 540 539
f 2643 24952 5673
f 211 2641 537
f 211 2644 2641
f 2643 2644 24952
f 2284 4916 25512
f 1677 2281 10776
f 1677 10773 24416
f 2281 2284 25512
f 1469 2387 5673
f 79 1757 2387
f 564 5044 5043
f 561 5044 564
f 80 7652 6549
f 79 80 1757
f 3376 6549 7652
f 561 3376 5044
f 1305 1308 1307
f 1308 8175 10029
f 3884 10029 8175
f 365 368 3884
f 1281 1305 5043
f 2229 4904 2296
f 2296 6772 11629
f 365 1389 2229
f 3809 11629 6772
f 776 5077 3809
f 893 1276 3943
f 2720 3941 3943
f 972 2432 2609
f 969 972 2611
f 893 2432 896
f 776 969 5077
f 1320 1664 8597
f 1320 2428 6037
f 2720 3260 3745
f 3260 15480 26455
f 2428 15480 6037
f 3892 4605 6311
f 1664 3892 6311
f 248 4608 4605
f 84 6073 4608
f 84 2365 6073
f 1040 1371 4091
f 1040 2365 1588
f 21 1279 24
f 24 27248 8885
f 21 1435 1279
f 1277 1435 1433
f 1433 24416 10773
f 8885 27247 8888
f 856 2117 2527
f 2527 3224 8888
f 821 1477 1371
f 856 1477 4473
f 360 8945 3300
f 3040 3300 4916
f 360 8941 8945
f 4769 8941 4770
f 2107 2859 4770
f 539 2859 2107
f 209 537 539
f 1469 5673 24952
f 209 211 537
f 211 5665 2644
f 2644 11929 24952
f 2284 3040 4916
f 1677 4523 2281
f 1677 24416 6777
f 2281 4523 2284
f 79 2387 1469
f 1284 5043 5044
f 80 4712 7652
f 77 80 79
f 697 3376 7652
f 1284 5044 3376
f 431 1308 1305
f 431 8175 1308
f 2753 3884 8175
f 365 3884 2753
f 429 1305 1281
f 1281 5043 1284
f 1389 4904 2229
f 2296 4904 6772
f 365 2753 1389
f 3809 6772 3812
f 776 3809 1504
f 893 896 1276
f 1276 2720 3943
f 729 2432 972
f 732 972 969
f 729 896 2432
f 732 969 776
f 1320 8817 1664
f 605 1320 6037
f 151 3260 2720
f 820 15480 3260
f 820 6037 15480
f 248 4605 3892
f 457 3892 1664
f 84 4608 248
f 84 3685 2365
f 821 1371 1040
f 1588 2365 3685
f 824 1040 1588
f 21 24 1860
f 24 8885 2827
f 21 5543 1435
f 1433 1435 2980
f 1433 2980 24416
f 913 8885 8888
f 856 4473 2117
f 2117 3224 2527
f 913 8888 3224
f 821 4473 1477
f 359 360 3300
f 3040 3240 3300
f 357 8941 360
f 357 4770 8941
f 2105 2107 4770
f 539 2107 2108
f 209 539 1473
f 1469 24952 24949
f 209 212 211
f 211 212 5665
f 2644 5665 11929
f 11929 24949 24952
f 125 3040 2284
f 1677 6777 4523
f 6777 24416 12228
f 2284 4523 3984
f 77 79 1469
f 77 4712 80
f 2927 7652 4712
f 697 1284 3376
f 697 7652 2927
f 429 431 1305
f 431 692 8175
f 692 2753 8175
f 429 1281 1685
f 699 1281 1284
f 1389 1392 4904
f 9 6772 4904
f 1132 1389 2753
f 9 3812 6772
f 1504 3809 3812
f 776 1504 3335
f 896 1336 1276
f 1276 1812 2720
f 729 972 732
f 729 1505 896
f 732 776 3251
f 605 8817 1320
f 457 1664 8817
f 605 6037 817
f 151 152 3260
f 151 2720 1812
f 152 820 3260
f 817 6037 820
f 248 3892 2516
f 457 2516 3892
f 84 248 6201
f 81 3685 84
f 821 1040 824
f 1588 3685 3688
f 824 1588 3688
f 24 2827 1860
f 21 1860 2155
f 913 2827 8885
f 21 2155 5543
f 1435 5543 2980
f 2980 12228 24416
f 2117 4473 5145
f 2117 2837 3224
f 913 3224 916
f 821 823 4473
f 357 360 359
f 359 3300 3240
f 759 3240 3040
f 357 2105 4770
f 2105 2108 2107
f 539 2108 1473
f 209 1473 3641
f 77 1469 24949
f 209 3641 212
f 212 253 5665
f 253 11929 5665
f 255 24949 11929
f 125 128 3040
f 125 2284 3984
f 3984 4523 6777
f 4507 6777 12228
f 77 4711 4712
f 2927 4712 5096
f 697 699 1284
f 697 2927 700
f 429 432 431
f 431 432 692
f 689 2753 692
f 1281 1577 1685
f 429 1685 1849
f 699 1577 1281
f 1132 1392 1389
f 9 4904 1392
f 689 1132 2753
f 9 3905 3812
f 1504 3812 4847
f 1504 3552 3335
f 776 3335 3251
f 896 6217 1336
f 1276 1336 1812
f 729 732 3251
f 729 3251 1505
f 896 1505 6217
f 605 608 8817
f 457 8817 460
f 605 817 3976
f 45 152 151
f 45 151 1812
f 152 817 820
f 248 2516 6201
f 457 1253 2516
f 81 84 6201
f 81 7452 3685
f 821 824 823
f 3685 7452 3688
f 824 3688 1488
f 932 1860 2827
f 1857 2155 1860
f 513 2827 913
f 2155 3188 5543
f 2340 2980 5543
f 2980 7580 12228
f 823 5145 4473
f 2117 5145 2837
f 916 3224 2837
f 513 913 916
f 357 359 2768
f 359 3240 3237
f 759 3237 3240
f 128 759 3040
f 357 2768 2105
f 2105 3879 2108
f 1259 1473 2108
f 1260 3641 1473
f 77 24949 4711
f 212 3641 812
f 212 812 253
f 253 255 11929
f 255 4711 24949
f 125 4369 128
f 125 3984 4508
f 3984 6777 4508
f 4507 4508 6777
f 4507 12228 7580
f 4709 4712 4711
f 4709 5096 4712
f 2925 2927 5096
f 697 700 699
f 700 2927 2925
f 429 1849 432
f 432 691 692
f 689 692 691
f 344 1685 1577
f 341 1849 1685
f 699 2245 1577
f 1132 8255 1392
f 9 1392 2076
f 689 2971 1132
f 9 2076 3905
f 3812 3905 4847
f 1504 4847 3939
f 1504 3939 3552
f 1616 3335 3552
f 3251 3335 9203
f 1336 6217 15728
f 48 1812 1336
f 1505 3251 9203
f 1505 1507 6217
f 605 3976 608
f 608 4968 8817
f 460 8817 4968
f 457 460 1253
f 141 3976 817
f 45 141 152
f 45 1812 48
f 141 817 152
f 2513 6201 2516
f 1253 2515 2516
f 81 6201 4033
f 81 4033 7452
f 823 824 1488
f 3688 7452 9961
f 1488 3688 4885
f 932 1857 1860
f 932 2827 2841
f 1857 3188 2155
f 513 2841 2827
f 2340 5543 3188
f 2340 7580 2980
f 823 9451 5145
f 2837 5145 3659
f 516 916 2837
f 513 916 516
f 359 3237 2768
f 33 3237 759
f 128 757 759
f 2105 2768 3879
f 2108 3879 3880
f 1259 1260 1473
f 1259 2108 3880
f 1260 3643 3641
f 812 3641 3643
f 253 812 256
f 253 256 255
f 255 7780 4711
f 125 4508 4369
f 128 4369 816
f 2161 4508 4507
f 4507 7580 10529
f 4709 4711 7780
f 4709 5520 5096
f 2925 5096 5735
f 699 700 2245
f 700 2925 23231
f 432 1849 1175
f 432 2867 691
f 689 691 2969
f 341 1685 344
f 344 1577 1121
f 341 1175 1849
f 1121 1577 2245
f 1132 2971 8255
f 1392 8255 2076
f 689 2969 2971
f 1711 3905 2076
f 1711 4847 3905
f 1711 3939 4847
f 1125 3552 3939
f 1616 9203 3335
f 1049 1616 3552
f 6217 7385 15728
f 48 1336 15728
f 1505 9203 1508
f 1505 1508 1507
f 1507 7385 6217
f 296 608 3976
f 293 4968 608
f 460 4968 5800
f 460 5800 1253
f 141 1699 3976
f 45 47 141
f 45 48 47
f 2513 4033 6201
f 2513 2516 2515
f 1253 5281 2515
f 4033 9961 7452
f 823 1488 9451
f 3688 9961 4885
f 648 1488 4885
f 929 1857 932
f 931 932 2841
f 1857 4204 3188
f 513 515 2841
f 2337 2340 3188
f 2340 10529 7580
f 5145 9451 11021
f 3659 5145 11021
f 516 2837 3659
f 513 516 515
f 35 2768 3237
f 33 35 3237
f 33 759 757
f 128 816 757
f 35 3879 2768
f 35 3880 3879
f 1257 1260 1259
f 1257 1259 3880
f 1260 5407 3643
f 812 3643 3319
f 256 812 1492
f 255 256 7777
f 255 7777 7780
f 1901 4369 4508
f 816 4369 4371
f 1901 4508 2161
f 2161 4507 2511
f 2511 4507 10529
f 4709 7780 5520
f 5096 5520 5735
f 2925 5735 17768
f 700 23231 2245
f 2925 17768 23231
f 432 1175 2867
f 691 2867 3928
f 691 3928 2969
f 341 344 343
f 344 1121 1124
f 341 1176 1175
f 1121 2245 23231
f 2967 8255 2971
f 2076 8255 3547
f 2967 2971 2969
f 1420 1711 2076
f 1711 1712 3939
f 1049 3552 1125
f 1125 3939 1712
f 1508 9203 1616
f 532 1616 1049
f 1135 15728 7385
f 48 15728 597
f 531 1507 1508
f 531 7385 1507
f 293 608 296
f 296 3976 1699
f 293 5213 4968
f 4968 5213 5800
f 1253 5800 5281
f 141 143 1699
f 47 143 141
f 47 48 597
f 2513 5980 4033
f 188 2513 2515
f 185 2515 5281
f 4033 5980 9961
f 648 9451 1488
f 4885 9961 4888
f 648 4885 1071
f 929 4204 1857
f 929 932 931
f 931 2841 1005
f 2337 3188 4204
f 515 1005 2841
f 2337 10529 2340
f 648 11021 9451
f 3659 11021 6664
f 516 3659 633
f 515 516 635
f 33 36 35
f 33 757 2157
f 757 816 8343
f 35 36 3880
f 1257 5513 1260
f 36 1257 3880
f 1260 5513 5407
f 3319 3643 5407
f 812 3319 1492
f 256 1492 7777
f 5519 7780 7777
f 1901 4371 4369
f 816 4371 1228
f 1901 2161 7593
f 1352 2161 2511
f 2511 10529 4201
f 5519 5520 7780
f 616 5735 5520
f 5735 6195 17768
f 1121 23231 17768
f 1175 1176 2867
f 401 3928 2867
f 2965 2969 3928
f 343 344 1124
f 341 343 1176
f 1121 5881 1124
f 2967 3547 8255
f 1420 2076 3547
f 2965 2967 2969
f 1420 1712 1711
f 1049 1125 5036
f 1125 1712 1128
f 531 1508 1616
f 531 1616 532
f 532 1049 6044
f 597 15728 1135
f 1135 7385 2504
f 531 2504 7385
f 293 296 1483
f 296 1699 1700
f 293 1484 5213
f 5213 5797 5800
f 5281 5800 5797
f 143 1697 1699
f 47 599 143
f 47 597 599
f 2513 5457 5980
f 188 5457 2513
f 185 188 2515
f 185 5281 5284
f 4888 9961 5980
f 1071 4885 4888
f 645 648 1071
f 929 4203 4204
f 929 931 1356
f 931 1005 1356
f 2337 4204 4201
f 515 1007 1005
f 2337 4201 10529
f 648 2400 11021
f 2400 6664 11021
f 633 3659 6664
f 516 633 635
f 515 635 1007
f 33 2157 36
f 439 2157 757
f 816 1228 8343
f 439 757 8343
f 1257 3572 5513
f 36 3572 1257
f 259 5407 5513
f 260 3319 5407
f 1492 3319 1731
f 1492 5519 7777
f 1901 1904 4371
f 1227 1228 4371
f 1352 7593 2161
f 1901 7593 1904
f 1352 2511 4201
f 616 5520 5519
f 300 5735 616
f 300 6195 5735
f 5881 17768 6195
f 1121 17768 5881
f 1176 2865 2867
f 401 3312 3928
f 401 2867 2865
f 2965 3928 4484
f 343 1124 2113
f 343 3615 1176
f 1124 5881 5884
f 2967 2968 3547
f 1419 1420 3547
f 2965 2968 2967
f 1420 4308 1712
f 1125 1128 5036
f 1049 5036 6044
f 1128 1712 4308
f 531 532 3475
f 532 6044 10456
f 597 1135 600
f 1135 2504 2501
f 531 3475 2504
f 296 1700 1483
f 293 1483 1484
f 1697 1700 1699
f 1484 5337 5213
f 5213 5337 5797
f 5281 5797 5284
f 143 599 1697
f 597 600 599
f 5457 5460 5980
f 188 1591 5457
f 185 7829 188
f 185 5284 7829
f 4888 5980 5460
f 1071 4888 3461
f 645 2400 648
f 645 1071 1069
f 929 1354 4203
f 4201 4204 4203
f 929 1356 1354
f 1005 4501 1356
f 1005 1007 7084
f 1101 6664 2400
f 633 6664 1101
f 633 636 635
f 635 636 1007
f 36 2157 11664
f 377 2157 439
f 437 8343 1228
f 437 439 8343
f 3572 19563 5513
f 36 11664 3572
f 259 260 5407
f 259 5513 19563
f 260 1731 3319
f 1492 1731 3829
f 1492 3829 5519
f 1227 4371 1904
f 1225 1228 1227
f 1349 7593 1352
f 1904 7593 2832
f 1352 4201 4203
f 616 5519 3829
f 300 616 615
f 300 1108 6195
f 3703 5881 6195
f 1176 3615 2865
f 401 403 3312
f 3312 4484 3928
f 401 2865 404
f 101 2965 4484
f 1124 5884 2113
f 343 2113 3615
f 292 5884 5881
f 1419 3547 2968
f 1419 2411 1420
f 101 2968 2965
f 1420 2411 4308
f 1128 5376 5036
f 5036 5373 6044
f 1128 4308 5376
f 532 6959 3475
f 4361 10456 6044
f 532 10456 6959
f 600 1135 1133
f 2501 2504 6960
f 1133 1135 2501
f 2504 3475 6960
f 1483 1700 3524
f 1481 1484 1483
f 1697 3523 1700
f 1484 5927 5337
f 4145 5797 5337
f 4145 5284 5797
f 599 3523 1697
f 599 600 3523
f 1592 5460 5457
f 188 7829 1591
f 1591 1592 5457
f 5284 5469 7829
f 3461 4888 5460
f 1069 1071 3461
f 645 1104 2400
f 645 1069 5317
f 1354 21295 4203
f 1354 1356 2821
f 1005 7084 4501
f 1356 4501 2821
f 1007 3001 7084
f 1101 2400 1104
f 633 1101 636
f 636 3001 1007
f 377 11664 2157
f 377 439 380
f 437 1228 4015
f 380 439 437
f 1815 19563 3572
f 1813 3572 11664
f 257 260 259
f 257 259 19563
f 260 4520 1731
f 1731 3371 3829
f 1227 1904 2272
f 1225 4015 1228
f 1225 1227 6156
f 1349 2832 7593
f 1349 1352 4203
f 1904 2832 2272
f 616 3829 3372
f 615 616 3372
f 300 615 5423
f 300 12297 1108
f 1108 3703 6195
f 292 5881 3703
f 2865 3615 3616
f 401 404 403
f 403 1713 3312
f 1713 4484 3312
f 404 2865 3616
f 101 4484 2460
f 2113 5884 3616
f 2113 3616 3615
f 292 6845 5884
f 104 1419 2968
f 104 2411 1419
f 101 104 2968
f 2411 3281 4308
f 5036 5376 5373
f 4361 6044 5373
f 3281 5376 4308
f 3475 6959 6960
f 567 10456 4361
f 6959 10456 17300
f 600 1133 629
f 709 2501 6960
f 1133 2501 8627
f 1700 3523 3524
f 1481 1483 3524
f 1481 5927 1484
f 4145 5337 5927
f 4145 5469 5284
f 600 629 3523
f 304 5460 1592
f 1591 7829 7832
f 1589 1592 1591
f 5469 7832 7829
f 304 3461 5460
f 1069 3461 3331
f 645 5317 1104
f 1069 3331 5317
f 1354 4976 21295
f 1349 4203 21295
f 1354 2821 4976
f 2817 4501 7084
f 2817 2821 4501
f 2820 7084 3001
f 1101 1104 7921
f 636 1101 2617
f 636 2617 3001
f 377 1813 11664
f 377 380 2931
f 380 437 4015
f 1815 4045 19563
f 1813 1815 3572
f 257 4520 260
f 257 19563 4045
f 120 1731 4520
f 120 3371 1731
f 3371 3372 3829
f 1227 2272 6156
f 205 4015 1225
f 1225 6156 6153
f 1349 2741 2832
f 2272 2832 2741
f 615 3372 3369
f 615 3369 5423
f 300 5423 12297
f 1105 1108 12297
f 1105 3703 1108
f 292 3703 3701
f 403 404 5352
f 403 920 1713
f 1713 2460 4484
f 404 3616 4553
f 101 2460 3828
f 3616 5884 4553
f 289 6845 292
f 4553 5884 6845
f 104 7572 2411
f 101 3828 104
f 2411 3284 3281
f 1649 5373 5376
f 1649 4361 5373
f 1649 5376 3281
f 6957 6960 6959
f 567 568 10456
f 567 4361 1061
f 568 17300 10456
f 6957 6959 17300
f 629 1133 8627
f 709 3527 2501
f 709 6960 6957
f 2501 3527 8627
f 629 3524 3523
f 1481 3524 7173
f 1481 8547 5927
f 3621 4145 5927
f 1036 5469 4145
f 304 1592 1589
f 1589 1591 7832
f 5469 5472 7832
f 124 3461 304
f 124 3331 3461
f 1104 5317 5320
f 3331 5320 5317
f 665 21295 4976
f 945 1349 21295
f 1416 4976 2821
f 2817 7084 2820
f 2817 2819 2821
f 2820 3001 17660
f 1104 5320 7921
f 1101 7921 2617
f 2617 6821 3001
f 377 2931 1813
f 380 2659 2931
f 380 4015 2659
f 1815 4048 4045
f 285 1815 1813
f 257 4045 4520
f 117 120 4520
f 120 2896 3371
f 3369 3372 3371
f 877 6156 2272
f 205 4316 4015
f 205 1225 6153
f 1268 6153 6156
f 945 2741 1349
f 877 2272 2741
f 3369 3596 5423
f 64 12297 5423
f 1105 12297 14589
f 1105 3701 3703
f 291 292 3701
f 404 4852 5352
f 403 5352 4881
f 403 4881 920
f 917 1713 920
f 917 2460 1713
f 404 4553 4852
f 2460 5124 3828
f 289 17684 6845
f 289 292 291
f 4553 6845 4852
f 104 3828 7572
f 2411 7572 3284
f 3281 3284 3283
f 1061 4361 1649
f 1649 3281 3835
f 565 568 567
f 567 1061 3557
f 568 7761 17300
f 6957 17300 7761
f 629 8627 8401
f 709 712 3527
f 709 6957 712
f 3527 8401 8627
f 629 7173 3524
f 1481 7173 8547
f 5927 8547 23757
f 1036 4145 3621
f 3621 5927 23757
f 1036 5472 5469
f 123 304 1589
f 1589 7832 1808
f 1065 7832 5472
f 123 124 304
f 121 3331 124
f 121 5320 3331
f 665 945 21295
f 665 4976 2811
f 1416 2811 4976
f 1416 2821 2819
f 2817 2820 2819
f 3001 6821 17660
f 2820 17660 7265
f 485 7921 5320
f 2617 7921 5565
f 2617 5565 6821
f 1813 2931 5707
f 2659 2660 2931
f 2659 4015 4316
f 285 4048 1815
f 1612 4045 4048
f 285 1813 5707
f 117 4520 4045
f 117 2895 120
f 120 2895 2896
f 2896 3369 3371
f 877 963 6156
f 205 4407 4316
f 205 6153 11801
f 1268 9943 6153
f 963 1268 6156
f 877 2741 945
f 2896 3596 3369
f 64 5423 3596
f 64 14589 12297
f 1105 14589 3701
f 291 3701 585
f 4852 17684 5352
f 4881 5352 10687
f 920 4881 2220
f 917 920 2220
f 917 5124 2460
f 176 3828 5124
f 289 8864 17684
f 4852 6845 17684
f 289 291 2129
f 3825 7572 3828
f 3284 7572 3825
f 3283 3284 5724
f 3281 3283 3835
f 1053 1061 1649
f 1053 1649 3835
f 565 1029 568
f 565 567 3559
f 733 3557 1061
f 567 3557 3559
f 568 1029 7761
f 712 6957 7761
f 629 8401 7173
f 712 1100 3527
f 1100 8401 3527
f 4860 8547 7173
f 8547 8548 23757
f 1033 1036 3621
f 701 3621 23757
f 1036 1527 5472
f 123 1589 2344
f 1065 1808 7832
f 1589 1808 2344
f 1065 5472 1527
f 121 124 123
f 121 485 5320
f 553 945 665
f 665 2811 668
f 1416 2812 2811
f 1413 1416 2819
f 2819 2820 7265
f 6821 24557 17660
f 7265 17660 9101
f 485 5565 7921
f 1957 6821 5565
f 2660 5707 2931
f 2657 2660 2659
f 2657 2659 4316
f 285 7757 4048
f 117 4045 1612
f 1612 4048 7759
f 285 5707 288
f 117 1609 2895
f 2893 2896 2895
f 555 963 877
f 205 11801 4407
f 1989 4316 4407
f 6153 9943 11801
f 1268 1753 9943
f 963 964 1268
f 553 877 945
f 2893 3596 2896
f 64 3596 3631
f 61 14589 64
f 585 3701 14589
f 291 585 588
f 5352 17684 10687
f 3728 4881 10687
f 2220 4881 3728
f 917 2220 2217
f 917 2217 5124
f 176 3825 3828
f 173 176 5124
f 289 1323 8864
f 8864 10687 17684
f 291 588 2129
f 289 2129 1323
f 3284 3825 5724
f 3283 5724 11085
f 3283 11085 3835
f 733 1061 1053
f 1053 3835 11088
f 565 6781 1029
f 184 565 3559
f 733 8988 3557
f 3557 3560 3559
f 1029 1440 7761
f 712 7761 1437
f 4860 7173 8401
f 712 1437 1100
f 1100 4860 8401
f 4168 8547 4860
f 4168 8548 8547
f 4025 23757 8548
f 1033 1527 1036
f 701 1033 3621
f 701 23757 4025
f 123 2344 680
f 1065 1196 1808
f 1808 5379 2344
f 1065 1527 1068
f 121 123 4621
f 121 4621 485
f 553 665 668
f 668 2811 1159
f 433 2812 1416
f 1159 2811 2812
f 433 1416 1413
f 1413 2819 7265
f 1957 24557 6821
f 9101 17660 24557
f 7136 7265 9101
f 485 981 5565
f 1177 1957 5565
f 847 5707 2660
f 847 2660 2657
f 1989 2657 4316
f 285 288 7757
f 4048 7757 7759
f 117 1612 1609
f 1612 7759 8164
f 288 5707 848
f 1609 2629 2895
f 2629 2893 2895
f 555 964 963
f 553 555 877
f 424 4407 11801
f 424 1989 4407
f 5532 11801 9943
f 964 1753 1268
f 1753 5532 9943
f 2893 3631 3596
f 64 3631 1693
f 61 585 14589
f 61 64 1693
f 585 3069 588
f 1531 3728 10687
f 2217 2220 3728
f 173 5124 2217
f 176 4065 3825
f 173 5172 176
f 1323 1324 8864
f 1324 10687 8864
f 588 3023 2129
f 1323 2129 2132
f 3825 4065 5724
f 724 11085 5724
f 3835 11085 11088
f 733 1053 11088
f 184 6781 565
f 1029 6781 5703
f 184 3559 3560
f 733 736 8988
f 3557 8988 3560
f 1029 5703 1440
f 1437 7761 1440
f 1099 1100 1437
f 1097 4860 1100
f 1097 4168 4860
f 240 8548 4168
f 1325 4025 8548
f 1033 1528 1527
f 701 704 1033
f 701 4025 793
f 680 2344 2737
f 123 680 4621
f 1065 1068 1196
f 1196 5379 1808
f 2344 5379 2737
f 1068 1527 1528
f 485 4621 981
f 553 668 556
f 668 1159 1144
f 433 1157 2812
f 1157 1159 2812
f 433 1413 436
f 1413 7265 7136
f 1957 7228 24557
f 9101 24557 9420
f 7136 9101 10709
f 981 1177 5565
f 1177 4349 1957
f 847 848 5707
f 847 2657 1989
f 288 4169 7757
f 7757 7760 7759
f 1609 1612 8164
f 7759 7760 8164
f 288 848 8679
f 1609 8791 2629
f 2629 3632 2893
f 555 556 964
f 553 556 555
f 424 11801 5532
f 421 1989 424
f 964 1755 1753
f 1753 4597 5532
f 2893 3632 3631
f 1693 3631 5144
f 61 3069 585
f 61 1693 8211
f 588 3069 3365
f 1531 2404 3728
f 1324 1531 10687
f 2217 3728 2404
f 173 2217 3535
f 176 5172 4065
f 135 5172 173
f 1321 1324 1323
f 588 3365 3023
f 2129 3023 2132
f 1321 1323 2132
f 724 5724 4065
f 724 2553 11085
f 2553 11088 11085
f 733 11088 736
f 184 281 6781
f 5703 6781 6784
f 183 184 3560
f 736 7739 8988
f 3560 8988 7740
f 1289 1440 5703
f 1289 1437 1440
f 1097 1100 1099
f 1099 1437 1289
f 196 4168 1097
f 240 1325 8548
f 196 240 4168
f 793 4025 1325
f 704 1528 1033
f 701 933 704
f 701 793 933
f 680 2737 10044
f 680 804 4621
f 1068 2725 1196
f 1196 2725 5379
f 2233 2737 5379
f 1068 1528 1669
f 981 4621 8077
f 556 668 1144
f 1144 1159 1157
f 433 2415 1157
f 436 1413 7136
f 433 436 2413
f 1957 4349 7228
f 7228 9420 24557
f 9101 9420 10709
f 2993 7136 10709
f 981 1180 1177
f 1177 2289 4349
f 179 848 847
f 179 847 1989
f 288 8679 4169
f 4169 7760 7757
f 1609 8164 8791
f 7760 8791 8164
f 180 8679 848
f 2497 2629 8791
f 2497 3632 2629
f 556 2383 964
f 137 424 5532
f 179 1989 421
f 137 421 424
f 964 2383 1755
f 1753 1755 4597
f 137 5532 4597
f 3631 3632 5144
f 1693 5144 9072
f 61 8211 3069
f 1693 9072 8211
f 3069 4211 3365
f 1531 2401 2404
f 1324 1532 1531
f 2217 2404 3535
f 135 173 3535
f 724 4065 5172
f 135 136 5172
f 1321 1532 1324
f 3023 3365 18295
f 2132 3023 2521
f 1321 2132 7256
f 136 2553 724
f 736 11088 2553
f 181 281 184
f 281 6784 6781
f 1224 5703 6784
f 181 184 183
f 183 3560 7740
f 736 11484 7739
f 7739 7740 8988
f 1224 1289 5703
f 196 1097 1099
f 196 1099 1289
f 240 1327 1325
f 193 240 196
f 793 1325 1327
f 704 2392 1528
f 641 704 933
f 793 1868 933
f 2669 10044 2737
f 680 10044 804
f 804 8077 4621
f 1068 1669 2725
f 2233 5379 2725
f 2233 2669 2737
f 1528 2392 1669
f 981 8077 1180
f 556 1144 1624
f 1144 1157 1621
f 433 2413 2415
f 1157 2415 1621
f 436 7136 2993
f 436 5220 2413
f 4349 5431 7228
f 7228 9419 9420
f 9417 10709 9420
f 2993 10709 9417
f 1177 1180 2289
f 2289 5431 4349
f 179 180 848
f 994 4169 8679
f 993 7760 4169
f 2498 8791 7760
f 180 2903 8679
f 2497 8791 2498
f 2497 2800 3632
f 556 1624 2383
f 177 179 421
f 137 3895 421
f 1755 2383 3020
f 1755 3017 4597
f 137 4597 140
f 2800 5144 3632
f 5141 9072 5144
f 3069 8211 4211
f 2469 8211 9072
f 3365 4211 4209
f 1531 1532 2401
f 2401 4728 2404
f 2404 4728 3535
f 135 3535 12924
f 136 724 5172
f 133 136 135
f 1321 2909 1532
f 3365 4209 18295
f 2521 3023 18295
f 2132 2521 7256
f 1321 7256 2909
f 136 5105 2553
f 736 2553 11484
f 181 2001 281
f 281 2001 6784
f 1224 6784 14717
f 181 183 1869
f 183 7740 1945
f 7739 11484 11483
f 7737 7740 7739
f 195 1289 1224
f 195 196 1289
f 193 1327 240
f 193 196 195
f 793 1327 1868
f 704 2651 2392
f 641 2651 704
f 641 933 3985
f 933 1868 3985
f 2669 2671 10044
f 804 10044 2671
f 804 12591 8077
f 1145 2725 1669
f 1145 2233 2725
f 2233 2235 2669
f 348 1669 2392
f 1180 8077 12591
f 1144 1621 1624
f 737 2415 2413
f 1621 2415 5399
f 436 2993 5220
f 740 2413 5220
f 5431 9419 7228
f 9417 9420 9419
f 2993 9417 4737
f 1180 12591 2289
f 2289 3441 5431
f 177 180 179
f 993 4169 994
f 994 8679 2903
f 993 2498 7760
f 177 2903 180
f 2497 2498 2500
f 2497 4332 2800
f 1624 3020 2383
f 177 421 3895
f 137 140 3895
f 1755 3020 3017
f 140 4597 3017
f 2800 5141 5144
f 2469 9072 5141
f 2469 4211 8211
f 2453 4209 4211
f 1532 2909 2401
f 1021 4728 2401
f 3535 4728 12924
f 133 135 12924
f 133 1684 136
f 2273 18295 4209
f 1457 2521 18295
f 2521 2523 7256
f 2523 2909 7256
f 136 1684 5105
f 2553 5105 11484
f 181 621 2001
f 2001 14717 6784
f 164 1224 14717
f 183 1945 1869
f 181 1869 621
f 1945 7740 7737
f 5105 11483 11484
f 7737 7739 11483
f 164 195 1224
f 193 1537 1327
f 193 195 1539
f 1327 1537 1868
f 345 2392 2651
f 641 2649 2651
f 583 641 3985
f 1376 3985 1868
f 2669 2672 2671
f 804 2671 12591
f 348 1145 1669
f 684 2233 1145
f 684 2235 2233
f 2235 2672 2669
f 345 348 2392
f 1621 1888 1624
f 737 5399 2415
f 737 2413 740
f 1137 1621 5399
f 2993 2996 5220
f 740 5220 7299
f 3441 9419 5431
f 4737 9417 9419
f 2993 4737 2996
f 2133 2289 12591
f 2133 3441 2289
f 993 994 996
f 204 994 2903
f 993 2881 2498
f 177 393 2903
f 2498 2881 2500
f 2497 2500 4332
f 2800 4332 8537
f 1624 1888 3020
f 177 3895 393
f 140 329 3895
f 1885 3017 3020
f 140 3017 332
f 2472 5141 2800
f 2469 5141 2472
f 2453 4211 2469
f 2453 9264 4209
f 2401 2909 2911
f 1021 1023 4728
f 1021 2401 2911
f 1023 12924 4728
f 133 12924 10493
f 133 10493 1684
f 1457 18295 2273
f 2273 4209 9264
f 1457 2523 2521
f 2523 2911 2909
f 1520 5105 1684
f 621 6016 2001
f 1573 14717 2001
f 164 14717 1575
f 481 1869 1945
f 621 1869 1496
f 1945 7737 3540
f 5105 6885 11483
f 3540 7737 11483
f 164 1539 195
f 193 1539 1537
f 1376 1868 1537
f 345 2651 2649
f 583 2649 641
f 441 583 3985
f 441 3985 1376
f 2671 2672 12868
f 2671 12868 12591
f 348 683 1145
f 683 684 1145
f 684 8521 2235
f 2235 8521 2672
f 345 6961 348
f 1137 1888 1621
f 737 4549 5399
f 737 740 739
f 1137 5399 4549
f 2996 7299 5220
f 740 7299 744
f 3441 4737 9419
f 2917 2996 4737
f 2133 12591 12868
f 620 3441 2133
f 994 2345 996
f 993 996 2881
f 204 2345 994
f 204 2903 393
f 2500 2881 9484
f 2500 9484 4332
f 4332 9484 8537
f 2472 2800 8537
f 1885 3020 1888
f 393 3895 523
f 140 332 329
f 329 523 3895
f 1885 4560 3017
f 332 3017 4560
f 2469 2472 2471
f 2453 2469 2471
f 361 9264 2453
f 1021 1024 1023
f 1021 2911 16391
f 1023 10493 12924
f 1517 1684 10493
f 1457 2273 2276
f 2273 9264 5047
f 1457 3116 2523
f 2523 16389 2911
f 1520 6885 5105
f 1517 1520 1684
f 621 624 6016
f 1573 2001 6016
f 1573 1575 14717
f 161 164 1575
f 481 483 1869
f 481 1945 3540
f 483 1496 1869
f 621 1496 624
f 3540 11483 6885
f 161 1539 164
f 1375 1537 1539
f 1375 1376 1537
f 345 2649 3857
f 583 2301 2649
f 441 444 583
f 441 1376 1373
f 2672 3384 12868
f 348 6961 683
f 681 684 683
f 681 8521 684
f 2672 8521 3381
f 345 3857 6961
f 1137 1140 1888
f 737 739 4549
f 739 740 744
f 1137 4549 25383
f 696 7299 2996
f 744 7299 7149
f 617 4737 3441
f 696 2996 2917
f 617 2917 4737
f 620 2133 12868
f 617 3441 620
f 996 2345 1344
f 996 1704 2881
f 204 8691 2345
f 204 393 521
f 1704 9484 2881
f 4485 8537 9484
f 552 2472 8537
f 1140 1885 1888
f 393 523 521
f 329 332 331
f 329 989 523
f 828 4560 1885
f 331 332 4560
f 552 2471 2472
f 364 2453 2471
f 361 6913 9264
f 361 2453 364
f 1021 16391 1024
f 1023 1024 5412
f 2911 16389 16391
f 1023 5412 10493
f 1517 10493 5412
f 2273 5047 2276
f 1457 2276 3936
f 2192 5047 9264
f 1457 3936 3116
f 2523 3116 16389
f 1520 2444 6885
f 1517 2444 1520
f 624 13556 6016
f 1573 6016 6109
f 1573 1576 1575
f 161 1575 1576
f 481 484 483
f 481 3540 484
f 483 673 1496
f 624 1496 676
f 1093 3540 6885
f 161 1375 1539
f 1373 1376 1375
f 1240 3857 2649
f 444 2301 583
f 1240 2649 2301
f 441 949 444
f 441 1373 949
f 2672 3381 3384
f 620 12868 3384
f 87 683 6961
f 87 681 683
f 681 3683 8521
f 3381 8521 3683
f 87 6961 3857
f 1137 25383 1140
f 739 7152 4549
f 739 744 7149
f 4549 7152 25383
f 696 7149 7299
f 695 696 2917
f 617 1913 2917
f 617 620 4595
f 1045 1344 2345
f 996 1344 1704
f 204 521 8691
f 1045 2345 8691
f 1704 9483 9484
f 552 8537 4485
f 4485 9484 9483
f 828 1885 1140
f 521 523 989
f 329 331 989
f 828 2916 4560
f 331 4560 2916
f 552 1644 2471
f 364 2471 1644
f 361 363 6913
f 2192 9264 6913
f 361 364 363
f 1024 16391 4233
f 1024 4084 5412
f 12716 16391 16389
f 1517 5412 2441
f 2189 2276 5047
f 2276 7143 3936
f 2189 5047 2192
f 3116 3936 3933
f 3116 12716 16389
f 1093 6885 2444
f 1517 2441 2444
f 624 676 13556
f 6016 13556 6109
f 1573 6109 1576
f 161 1576 1373
f 483 484 4415
f 484 3540 1093
f 483 4415 673
f 673 676 1496
f 161 1373 1375
f 85 3857 1240
f 444 7496 2301
f 1240 2301 10173
f 444 949 4575
f 949 1373 1576
f 3381 4593 3384
f 620 3384 4595
f 87 1639 681
f 681 1639 3683
f 3381 3683 5939
f 85 87 3857
f 1140 25383 25377
f 739 7149 7152
f 7152 10433 25383
f 696 4648 7149
f 693 696 695
f 695 2917 1913
f 617 4595 1913
f 1045 1341 1344
f 1344 23374 1704
f 521 12372 8691
f 1045 8691 1833
f 1704 14813 9483
f 552 4485 1644
f 389 4485 9483
f 828 1140 25377
f 521 989 12372
f 331 2680 989
f 828 4447 2916
f 331 2916 2680
f 364 1644 389
f 363 580 6913
f 577 2192 6913
f 363 364 389
f 4233 16391 12716
f 1024 4233 4084
f 2124 5412 4084
f 2124 2441 5412
f 2189 7143 2276
f 1216 3936 7143
f 908 2189 2192
f 1216 3933 3936
f 3116 3933 12716
f 1093 2444 3760
f 2441 3760 2444
f 676 2088 13556
f 6109 13556 8169
f 952 1576 6109
f 484 2661 4415
f 484 1093 2661
f 673 4415 1016
f 673 2137 676
f 85 1240 10173
f 444 4575 7496
f 2301 7496 10173
f 949 952 4575
f 949 1576 952
f 3381 5939 4593
f 3384 4593 4595
f 87 88 1639
f 752 3683 1639
f 752 5939 3683
f 85 88 87
f 10433 25377 25383
f 4648 7152 7149
f 4648 10433 7152
f 693 4648 696
f 693 695 7397
f 695 1913 7884
f 1913 4595 4596
f 1045 10196 1341
f 1341 23374 1344
f 1704 23374 14813
f 1833 8691 12372
f 1045 1833 10196
f 9483 14813 14816
f 389 1644 4485
f 389 9483 14816
f 828 25377 4447
f 989 2680 12372
f 2679 2916 4447
f 2679 2680 2916
f 363 1409 580
f 577 6913 580
f 577 908 2192
f 363 389 14816
f 3933 4233 12716
f 4084 4233 10729
f 1627 2124 4084
f 2124 3760 2441
f 912 7143 2189
f 1216 7143 7144
f 908 912 2189
f 1216 7667 3933
f 1093 3760 2093
f 676 2137 2088
f 2088 8169 13556
f 952 6109 8169
f 2661 5092 4415
f 1093 2093 2661
f 1016 4415 5092
f 673 1016 1015
f 673 1015 2137
f 85 10173 1377
f 2437 7496 4575
f 4440 10173 7496
f 952 7748 4575
f 4593 5939 4596
f 4593 4596 4595
f 88 1640 1639
f 752 1639 1640
f 65 5939 752
f 85 1377 88
f 7180 25377 10433
f 93 10433 4648
f 96 4648 693
f 695 7127 7397
f 333 693 7397
f 1913 4596 7884
f 695 7884 7127
f 1341 10196 4676
f 1341 4676 23374
f 573 14813 23374
f 1833 12372 4637
f 1833 1835 10196
f 1412 14816 14813
f 4447 25377 7180
f 2677 12372 2680
f 1113 2679 4447
f 2677 2680 2679
f 363 14816 1409
f 580 1409 785
f 577 580 579
f 577 905 908
f 3933 10729 4233
f 1627 4084 10729
f 1627 1628 2124
f 1628 3760 2124
f 912 7144 7143
f 976 1216 7144
f 908 909 912
f 976 7667 1216
f 3933 7667 10729
f 2093 3760 2096
f 1152 2088 2137
f 2088 7747 8169
f 952 8169 7748
f 2093 5092 2661
f 1016 5092 5091
f 1015 1016 3792
f 1015 1152 2137
f 1377 10173 4440
f 2437 4440 7496
f 2437 4575 7748
f 416 4596 5939
f 88 1377 1640
f 67 752 1640
f 65 416 5939
f 65 752 67
f 93 7180 10433
f 93 4648 96
f 96 693 333
f 872 7397 7127
f 333 7397 3424
f 416 7884 4596
f 416 7127 7884
f 4676 10196 12347
f 573 23374 4676
f 573 1412 14813
f 2677 4637 12372
f 1833 4637 1836
f 1833 1836 1835
f 1835 12347 10196
f 1409 14816 1412
f 4447 7180 4480
f 1113 2128 2679
f 1113 4447 4480
f 2128 2677 2679
f 576 785 1409
f 579 580 785
f 577 579 905
f 905 909 908
f 1627 10729 7667
f 1001 1628 1627
f 1628 2096 3760
f 912 1165 7144
f 976 7144 4325
f 909 1165 912
f 976 1001 7667
f 2093 2096 2095
f 1152 3193 2088
f 2088 3193 7747
f 7747 7748 8169
f 2093 3763 5092
f 3763 5091 5092
f 1016 5091 3792
f 1015 3792 1149
f 1015 1149 1152
f 1377 4440 1380
f 2437 3065 4440
f 2437 7748 7745
f 1377 1380 1640
f 67 1640 3847
f 65 413 416
f 65 67 9569
f 93 769 7180
f 93 96 2603
f 96 333 2603
f 872 3424 7397
f 413 872 7127
f 333 3424 2601
f 413 7127 416
f 573 4676 12347
f 573 1409 1412
f 2128 4637 2677
f 107 1836 4637
f 1835 1836 3948
f 1835 2733 12347
f 769 4480 7180
f 1113 1116 2128
f 1113 4480 1114
f 576 13405 785
f 573 576 1409
f 579 785 13405
f 579 1465 905
f 905 6229 909
f 1001 1627 7667
f 1001 15723 1628
f 1628 15723 2096
f 1165 4325 7144
f 976 4325 3696
f 909 6229 1165
f 976 1004 1001
f 2095 2096 15723
f 2093 2095 3763
f 1152 1407 3193
f 3193 7745 7747
f 7745 7748 7747
f 3763 26603 5091
f 3792 5091 26603
f 1149 3792 4340
f 1149 1407 1152
f 1380 4440 3065
f 2437 7745 3065
f 1380 3847 1640
f 67 3847 8413
f 65 9569 413
f 67 8413 9569
f 93 2603 769
f 333 2601 2603
f 872 7304 3424
f 413 869 872
f 2601 3424 3423
f 573 12347 576
f 107 4637 2128
f 107 108 1836
f 108 3948 1836
f 1835 3948 2733
f 576 12347 2733
f 769 4477 4480
f 1113 1114 1116
f 107 2128 1116
f 1114 4480 4477
f 576 2733 13405
f 29 579 13405
f 29 1465 579
f 905 1465 6229
f 1001 1004 15723
f 1165 6229 4325
f 1633 3696 4325
f 976 3696 1004
f 1560 2095 15723
f 1560 3763 2095
f 1407 4741 3193
f 3193 4741 7745
f 3763 8452 26603
f 3792 26603 4340
f 1149 4340 2780
f 1149 2780 1407
f 1380 3065 8553
f 3065 7745 4741
f 1380 8553 3847
f 3847 8553 8413
f 413 9569 869
f 8413 14852 9569
f 769 2603 4477
f 2592 2603 2601
f 869 7304 872
f 3424 7304 23312
f 3423 3424 23312
f 2601 3423 3429
f 105 108 107
f 108 2736 3948
f 2733 3948 2736
f 1114 1829 1116
f 107 1116 2325
f 1114 4477 1269
f 2733 2736 13405
f 29 13405 2736
f 29 53 1465
f 1465 4700 6229
f 1004 1560 15723
f 1633 4325 6229
f 1633 3167 3696
f 1004 3696 3176
f 1560 8452 3763
f 1407 8807 4741
f 8452 17407 26603
f 4340 26603 17407
f 2780 4340 4489
f 1407 2780 4137
f 3065 26229 8553
f 3065 4741 26229
f 4176 8413 8553
f 869 9569 14852
f 4176 14852 8413
f 2592 4477 2603
f 2592 2601 3429
f 869 6473 7304
f 901 23312 7304
f 1933 3423 23312
f 1933 3429 3423
f 29 108 105
f 105 107 2325
f 29 2736 108
f 1114 1269 1829
f 1116 1829 2325
f 1269 4477 2592
f 29 105 53
f 53 4700 1465
f 1633 6229 4700
f 1004 3176 1560
f 1633 3147 3167
f 3167 3176 3696
f 1560 5256 8452
f 1407 4137 8807
f 4741 8807 26229
f 3146 17407 8452
f 4340 17407 4489
f 472 2780 4489
f 472 4137 2780
f 4176 8553 26229
f 869 14852 6473
f 4128 14852 4176
f 2592 3429 10487
f 901 7304 6473
f 901 1933 23312
f 1933 1935 3429
f 105 2325 1608
f 921 1829 1269
f 1607 2325 1829
f 1269 2592 10487
f 53 105 1608
f 53 165 4700
f 1203 1633 4700
f 1560 3176 5256
f 1203 3147 1633
f 3147 5256 3167
f 3167 5256 3176
f 3146 8452 5256
f 4137 17115 8807
f 5948 26229 8807
f 857 17407 3146
f 857 4489 17407
f 472 4489 857
f 472 17115 4137
f 4176 26229 5948
f 4128 6473 14852
f 4128 4176 5948
f 1935 10487 3429
f 901 6473 904
f 901 1936 1933
f 1933 1936 1935
f 1607 1608 2325
f 921 1607 1829
f 921 1269 924
f 924 1269 10487
f 53 1608 165
f 165 167 4700
f 167 1203 4700
f 7 3147 1203
f 3146 5256 3147
f 5948 8807 17115
f 857 3146 2100
f 469 472 857
f 469 17115 472
f 904 6473 4128
f 4125 4128 5948
f 924 10487 1935
f 901 904 1936
f 1935 1936 7545
f 1605 1608 1607
f 921 1605 1607
f 921 924 923
f 165 1608 6101
f 165 168 167
f 5 1203 167
f 7 3146 3147
f 5 7 1203
f 469 5948 17115
f 7 2100 3146
f 857 2100 4981
f 469 857 4981
f 904 4128 4125
f 469 4125 5948
f 923 924 1935
f 904 1940 1936
f 1936 2196 7545
f 923 1935 7545
f 1605 6101 1608
f 921 923 1605
f 165 6101 168
f 5 167 168
f 5 8 7
f 7 8 2100
f 2100 2700 4981
f 469 4981 4125
f 904 4125 8285
f 904 8285 1940
f 1936 1940 2196
f 2196 6101 7545
f 923 7545 1605
f 1605 7545 6101
f 168 6101 2196
f 5 168 2196
f 5 2196 8
f 8 2700 2100
f 2700 8285 4981
f 4125 4981 8285
f 1940 8285 2700
f 8 2196 1940
f 8 1940 2700
